Quick Sort - int	Size	Average		Trial[0]	Trial[1]	Trial[2]
			1000	0.001034	0.000149	0.001589	0.001365	
			2000	0.002940	0.000241	0.004354	0.004226	
			30000	0.438924	0.004115	0.665550	0.647108	
			40000	0.763816	0.004240	1.140986	1.146223	
			50000	1.190249	0.005436	1.781503	1.783807	
			60000	1.715692	0.006792	2.574098	2.566185	
			75000	2.681713	0.008535	4.028355	4.008248	

Merge Sort - int	Size	Average		Trial[0]	Trial[1]	Trial[2]
			1000	0.000180	0.000209	0.000161	0.000170	
			2000	0.000361	0.000418	0.000334	0.000330	
			30000	0.006312	0.007547	0.005723	0.005666	
			40000	0.008576	0.010251	0.007698	0.007778	
			50000	0.011076	0.012882	0.010469	0.009876	
			60000	0.013148	0.015901	0.011941	0.011602	
			75000	0.016709	0.020202	0.014942	0.014983	

Radix Sort - int	Size	Average		Trial[0]	Trial[1]	Trial[2]
			1000	0.000188	0.000200	0.000182	0.000183	
			2000	0.000363	0.000363	0.000364	0.000363	
			30000	0.005498	0.005481	0.005525	0.005487	
			40000	0.007315	0.007307	0.007321	0.007317	
			50000	0.009141	0.009137	0.009143	0.009142	
			60000	0.011178	0.011337	0.011152	0.011046	
			75000	0.013709	0.013726	0.013699	0.013703	

Heap Sort - int		Size	Average		Trial[0]	Trial[1]	Trial[2]
			1000	0.000104	0.000118	0.000098	0.000097	
			2000	0.000225	0.000256	0.000210	0.000210	
			30000	0.004337	0.005145	0.003926	0.003941	
			40000	0.005962	0.007066	0.005410	0.005411	
			50000	0.007649	0.009204	0.006831	0.006911	
			60000	0.009218	0.011056	0.008295	0.008302	
			75000	0.011766	0.014193	0.010552	0.010553	

Insertion Sort - int	Size	Average		Trial[0]	Trial[1]	Trial[2]
			1000	0.000184	0.000544	0.000003	0.000004	
			2000	0.000699	0.002082	0.000007	0.000007	
			30000	0.158685	0.475876	0.000090	0.000090	
			40000	0.278076	0.833987	0.000120	0.000120	
			50000	0.437992	1.313676	0.000150	0.000150	
			60000	0.626761	1.879899	0.000193	0.000191	
			75000	0.975188	2.924987	0.000276	0.000300	

Selection Sort - int	Size	Average		Trial[0]	Trial[1]	Trial[2]
			1000	0.001019	0.001031	0.001038	0.000988	
			2000	0.003532	0.003637	0.003465	0.003495	
			30000	0.747562	0.746908	0.747201	0.748576	
			40000	1.331754	1.331535	1.328125	1.335603	
			50000	2.075210	2.076777	2.074918	2.073936	
			60000	2.995991	3.020323	2.988187	2.979464	
			75000	4.666278	4.674872	4.660295	4.663667	
